gameid,time,roundNum,sender,contents
1769-b,1590777816768,1,listener,",ykiyi"
